[ 1  8			 [2 5]		 | 3	 [2 7]		 [5 6 7]	 |[5 6]		  9		  4]
[ 7 [5 6]		 [5 9]		 | 4	 [8 9]		 [5 6 8]	 | 1		  3		  2]
[ 3 [2 4 5 6]	 [2 4 5 9]	 |[2 6 9]  1		 [5 6]		 |[5 6]		  7		  8]

[ 5  3			  6			 | 8	 [4 7]		  9			 |[2 4 7]	 [2 4]	  1]
[ 2  9			  8			 |[1 7]	  6			 [1 4 7]	 |[4 7]		  5		  3]
[ 4  1			  7			 | 5	  3			  2			 | 9		  8		  6]

[ 6  7			 [1 2 3 4]	 |[1 2]	  5			 [1 4 8]	 |[2 3 4 8]	 [2 4]	  9]
[ 8 [2 4 5]		 [1 2 4 5]	 |[1 2 9] [2 4 9]	  3			 |[2 4]		  6		  7]
[ 9 [2 4]		 [2 3 4]	 |[2 6 7] [2 4 7 8]	 [4 6 7 8]	 |[2 3 4 8]	  1		  5]








[ 1  8			 [2 5]			  3			 [2 7]		 [5 6 7]		 [5 6]		  9		  4]
[ 7 [5 6]		 [5 9]			  4			 [8 9]		 [5 6 8]		  1			  3		  2]
[ 3 [2 4 5 6]	 [2 4 5 9]		 [2 6 9]	  1			 [5 6]			 [5 6]		  7		  8]

[ 5  3			  6				  8			 [4 7]		  9				 [2 4 7]	 [2 4]	  1]
[ 2  9			  8				 [1 7]		  6			 [1 4 7]		 [4 7]		  5		  3]
[ 4  1			  7				  5			  3			  2				  9			  8		  6]

[ 6  7			 [1 2 3 4]		 [1 2]		  5			 [1 4 8]		 [2 3 4 8]	 [2 4]	  9]
[ 8 [2 4 5]		 [1 2 4 5]		 [1 2 9]	 [2 4 9]	  3				 [2 4]		  6		  7]
[ 9 [2 4]		 [2 3 4]		 [2 6 7]	 [2 4 7 8]	 [4 6 7 8]		 [2 3 4 8]	  1		  5]






[ 1  8			 [2 5]			  3			 [2 7]		 [5 6 7]		 [5 6]		  9		  4]
[ 7  6			 [5 9]			  4			 [8 9]		 [5 8]			  1			  3		  2]
[ 3 [2 4]		 [2 4 9]		 [2 9]		  1			 [5 6]			 [5 6]		  7		  8]

[ 5  3			  6				  8			 [4 7]		  9				 [2 4 7]	 [2 4]	  1]
[ 2  9			  8				 [1 7]		  6			 [1 4 7]		 [4 7]		  5		  3]
[ 4  1			  7				  5			  3			  2				  9			  8		  6]

[ 6  7			 [1 2 3 4]		 [1 2]		  5			 [1 4 8]		 [3 8]		 [2 4]	  9]
[ 8  5			 [1 2 4]		 [1 2 9]	 [2 4 9]	  3				 [2 4]		  6		  7]
[ 9 [2 4]		 [2 3 4]		  6			 [2 4 7 8]	 [4 7 8]		 [3 8]		  1		  5]



Indices encontrados para:  &{6 6}=[2 3 4 8]
 [ 3
        rows = [&{6 2}=[1 2 3 4]]
        cols = [&{8 6}=[2 3 4 6 8]]
        area = [&{8 6}=[2 3 4 6 8]]
  8
        rows = [&{6 5}=[1 4 8]]
        cols = [&{8 6}=[2 3 4 6 8]]
        area = [&{8 6}=[2 3 4 6 8]]
]
